1	1	195	0.001258
2	1	196	0.004699
3	1	2	0.005353
4	1	194	0.00723
5	1	3	0.00869
6	1	4	0.012901
7	1	5	0.012901
8	1	7	0.012901
9	1	200	0.012901
10	1	6	0.012961
11	1	197	0.013538
12	1	8	0.013674
13	1	199	0.013786
14	1	198	0.015457
15	1	9	0.017823
16	1	10	0.024904
17	1	40	0.026752
18	1	193	0.028218
19	1	11	0.029247
20	1	39	0.02995
21	2	196	0.002209
22	2	3	0.003438
23	2	195	0.00488
24	2	1	0.005353
25	2	4	0.007649
26	2	5	0.007649
27	2	7	0.007649
28	2	200	0.007649
29	2	6	0.007709
30	2	199	0.008568
31	2	197	0.008852
32	2	8	0.00943
33	2	198	0.010739
34	2	194	0.01228
35	2	9	0.015412
36	2	10	0.023333
37	2	40	0.025372
38	2	11	0.028081
39	2	39	0.028815
40	2	38	0.032857
41	3	2	0.003438
42	3	4	0.004221
43	3	5	0.004221
44	3	7	0.004221
45	3	200	0.004221
46	3	6	0.004281
47	3	196	0.005269
48	3	199	0.006044
49	3	8	0.006627
50	3	197	0.007387
51	3	195	0.008311
52	3	1	0.00869
53	3	198	0.009043
54	3	9	0.013681
55	3	194	0.015294
56	3	10	0.021894
57	3	40	0.02401
58	3	11	0.026806
59	3	39	0.027547
60	3	38	0.031626
61	4	5	0
62	4	7	0
63	4	200	0
64	4	6	0.00006
65	4	3	0.004221
66	4	199	0.004419
67	4	8	0.005017
68	4	197	0.007178
69	4	2	0.007649
70	4	198	0.008104
71	4	196	0.009308
72	4	195	0.012528
73	4	1	0.012901
74	4	9	0.01299
75	4	194	0.019323
76	4	10	0.021212
77	4	40	0.023374
78	4	11	0.02622
79	4	39	0.026956
80	4	38	0.03101
81	5	4	0
82	5	7	0
83	5	200	0
84	5	6	0.00006
85	5	3	0.004221
86	5	199	0.004419
87	5	8	0.005017
88	5	197	0.007178
89	5	2	0.007649
90	5	198	0.008104
91	5	196	0.009308
92	5	195	0.012528
93	5	1	0.012901
94	5	9	0.01299
95	5	194	0.019323
96	5	10	0.021212
97	5	40	0.023374
98	5	11	0.02622
99	5	39	0.026956
100	5	38	0.03101
101	6	4	0.00006
102	6	5	0.00006
103	6	7	0.00006
104	6	200	0.00006
105	6	3	0.004281
106	6	199	0.004421
107	6	8	0.005016
108	6	197	0.007192
109	6	2	0.007709
110	6	198	0.008105
111	6	196	0.009367
112	6	195	0.012588
113	6	1	0.012961
114	6	9	0.01299
115	6	194	0.01938
116	6	10	0.021208
117	6	40	0.02337
118	6	11	0.026216
119	6	39	0.026952
120	6	38	0.031005
121	7	4	0
122	7	5	0
123	7	200	0
124	7	6	0.00006
125	7	3	0.004221
126	7	199	0.004419
127	7	8	0.005017
128	7	197	0.007178
129	7	2	0.007649
130	7	198	0.008104
131	7	196	0.009308
132	7	195	0.012528
133	7	1	0.012901
134	7	9	0.01299
135	7	194	0.019323
136	7	10	0.021212
137	7	40	0.023374
138	7	11	0.02622
139	7	39	0.026956
140	7	38	0.03101
141	8	6	0.005016
142	8	4	0.005017
143	8	5	0.005017
144	8	7	0.005017
145	8	200	0.005017
146	8	3	0.006627
147	8	9	0.007975
148	8	2	0.00943
149	8	199	0.009436
150	8	196	0.011582
151	8	197	0.01212
152	8	198	0.013121
153	8	1	0.013674
154	8	195	0.013767
155	8	10	0.016201
156	8	40	0.018362
157	8	194	0.018741
158	8	11	0.021207
159	8	39	0.021944
160	8	38	0.026003
161	9	8	0.007975
162	9	10	0.00828
163	9	40	0.010431
164	9	6	0.01299
165	9	4	0.01299
166	9	5	0.01299
167	9	7	0.01299
168	9	200	0.01299
169	9	11	0.013268
170	9	3	0.013681
171	9	39	0.014007
172	9	2	0.015412
173	9	199	0.017409
174	9	196	0.017587
175	9	1	0.017823
176	9	38	0.01808
177	9	195	0.018424
178	9	197	0.020034
179	9	194	0.020286
180	9	198	0.021093
181	10	40	0.002163
182	10	11	0.005009
183	10	39	0.005744
184	10	9	0.00828
185	10	38	0.009805
186	10	37	0.013421
187	10	8	0.016201
188	10	36	0.016676
189	10	35	0.01859
190	10	6	0.021208
191	10	4	0.021212
192	10	5	0.021212
193	10	7	0.021212
194	10	200	0.021212
195	10	3	0.021894
196	10	2	0.023333
197	10	34	0.024898
198	10	1	0.024904
199	10	196	0.025442
200	10	199	0.025627
201	11	39	0.000742
202	11	40	0.002847
203	11	38	0.004822
204	11	10	0.005009
205	11	37	0.008459
206	11	36	0.011828
207	11	9	0.013268
208	11	35	0.013811
209	11	34	0.02031
210	11	8	0.021207
211	11	33	0.024031
212	11	6	0.026216
213	11	4	0.02622
214	11	5	0.02622
215	11	7	0.02622
216	11	200	0.02622
217	11	3	0.026806
218	11	2	0.028081
219	11	194	0.029171
220	11	1	0.029247
221	12	92	0.000208
222	12	13	0.003233
223	12	96	0.004418
224	12	91	0.004622
225	12	14	0.008926
226	12	90	0.012401
227	12	89	0.018081
228	12	15	0.019945
229	12	88	0.0259
230	12	16	0.030646
231	12	87	0.031734
232	12	86	0.037518
233	12	17	0.039514
234	12	85	0.041557
235	12	18	0.047476
236	12	94	0.051166
237	12	95	0.051166
238	12	97	0.051166
239	12	261	0.051166
240	12	19	0.051371
241	13	96	0.002484
242	13	92	0.003033
243	13	12	0.003233
244	13	14	0.00606
245	13	91	0.007855
246	13	90	0.015555
247	13	15	0.017049
248	13	89	0.021294
249	13	16	0.027741
250	13	88	0.02912
251	13	87	0.034946
252	13	17	0.0366
253	13	86	0.040734
254	13	18	0.044564
255	13	85	0.04477
256	13	19	0.0484
257	13	20	0.052359
258	13	94	0.053866
259	13	95	0.053866
260	13	97	0.053866
261	14	96	0.004673
262	14	13	0.00606
263	14	92	0.008719
264	14	12	0.008926
265	14	15	0.011029
266	14	91	0.01333
267	14	90	0.020282
268	14	16	0.021731
269	14	89	0.026228
270	14	17	0.030598
271	14	88	0.034048
272	14	18	0.038562
273	14	87	0.039768
274	14	19	0.042446
275	14	86	0.04556
276	14	20	0.046559
277	14	85	0.049554
278	14	94	0.056565
279	14	95	0.056565
280	14	97	0.056565
281	15	16	0.010702
282	15	14	0.011029
283	15	96	0.015602
284	15	13	0.017049
285	15	17	0.01957
286	15	92	0.01974
287	15	12	0.019945
288	15	91	0.02425
289	15	18	0.027533
290	15	90	0.030642
291	15	19	0.031441
292	15	20	0.035738
293	15	89	0.03662
294	15	88	0.044331
295	15	21	0.047005
296	15	87	0.049889
297	15	86	0.055636
298	15	22	0.059395
299	15	85	0.059555
300	15	100	0.060523
301	16	17	0.008868
302	16	15	0.010702
303	16	18	0.016831
304	16	19	0.020782
305	16	14	0.021731
306	16	20	0.025394
307	16	96	0.026289
308	16	13	0.027741
309	16	92	0.03044
310	16	12	0.030646
311	16	91	0.034915
312	16	21	0.037594
313	16	90	0.041039
314	16	89	0.046992
315	16	22	0.05058
316	16	88	0.0546
317	16	101	0.06002
318	16	87	0.060031
319	16	100	0.06191
320	16	23	0.062524
321	17	18	0.007965
322	17	16	0.008868
323	17	19	0.011976
324	17	20	0.01708
325	17	15	0.01957
326	17	21	0.030329
327	17	14	0.030598
328	17	96	0.035156
329	17	13	0.0366
330	17	92	0.039308
331	17	12	0.039514
332	17	91	0.043775
333	17	22	0.043788
334	17	90	0.049782
335	17	89	0.055714
336	17	23	0.056009
337	17	24	0.059485
338	17	101	0.06103
339	17	25	0.062063
340	17	88	0.063257
341	18	19	0.004413
342	18	17	0.007965
343	18	20	0.010605
344	18	16	0.016831
345	18	21	0.024917
346	18	15	0.027533
347	18	14	0.038562
348	18	22	0.03862
349	18	96	0.043114
350	18	13	0.044564
351	18	92	0.047271
352	18	12	0.047476
353	18	23	0.050974
354	18	91	0.051723
355	18	24	0.054466
356	18	25	0.056902
357	18	90	0.05763
358	18	101	0.062751
359	18	89	0.063541
360	18	26	0.064576
361	19	18	0.004413
362	19	20	0.006482
363	19	17	0.011976
364	19	16	0.020782
365	19	21	0.020926
366	19	15	0.031441
367	19	22	0.03461
368	19	14	0.042446
369	19	23	0.046963
370	19	96	0.047044
371	19	13	0.0484
372	19	24	0.05045
373	19	92	0.051165
374	19	12	0.051371
375	19	25	0.052836
376	19	91	0.055686
377	19	26	0.060402
378	19	90	0.061758
379	19	101	0.06603
380	19	89	0.06769
381	20	19	0.006482
382	20	18	0.010605
383	20	21	0.014445
384	20	17	0.01708
385	20	16	0.025394
386	20	22	0.02813
387	20	15	0.035738
388	20	23	0.040483
389	20	24	0.043971
390	20	25	0.046366
391	20	14	0.046559
392	20	96	0.05122
393	20	13	0.052359
394	20	26	0.053981
395	20	92	0.055232
396	20	12	0.055441
397	20	91	0.059887
398	20	90	0.06635
399	20	27	0.069778
400	20	89	0.07232
401	21	22	0.013704
402	21	20	0.014445
403	21	19	0.020926
404	21	18	0.024917
405	21	23	0.026059
406	21	24	0.029551
407	21	17	0.030329
408	21	25	0.031992
409	21	16	0.037594
410	21	26	0.039794
411	21	15	0.047005
412	21	27	0.056031
413	21	14	0.057165
414	21	96	0.061811
415	21	28	0.062024
416	21	13	0.062543
417	21	92	0.065541
418	21	12	0.065747
419	21	91	0.070338
420	21	29	0.073507
421	22	23	0.012356
422	22	21	0.013704
423	22	24	0.015847
424	22	25	0.018314
425	22	26	0.026317
426	22	20	0.02813
427	22	19	0.03461
428	22	18	0.03862
429	22	27	0.04301
430	22	17	0.043788
431	22	28	0.048974
432	22	16	0.05058
433	22	15	0.059395
434	22	29	0.060242
435	22	14	0.069019
436	22	96	0.073584
437	22	13	0.07406
438	22	92	0.077089
439	22	12	0.077292
440	22	30	0.078535
441	23	24	0.003493
442	23	25	0.006112
443	23	22	0.012356
444	23	26	0.014585
445	23	21	0.026059
446	23	27	0.031828
447	23	28	0.037664
448	23	20	0.040483
449	23	19	0.046963
450	23	29	0.048536
451	23	18	0.050974
452	23	17	0.056009
453	23	16	0.062524
454	23	30	0.066498
455	23	15	0.070941
456	23	14	0.080164
457	23	96	0.084647
458	23	13	0.084946
459	23	92	0.087978
460	23	12	0.088177
461	24	25	0.00285
462	24	23	0.003493
463	24	26	0.011451
464	24	22	0.015847
465	24	27	0.028782
466	24	21	0.029551
467	24	28	0.034544
468	24	20	0.043971
469	24	29	0.045249
470	24	19	0.05045
471	24	18	0.054466
472	24	17	0.059485
473	24	30	0.063091
474	24	16	0.06595
475	24	15	0.074285
476	24	14	0.083418
477	24	31	0.084744
478	24	96	0.08788
479	24	13	0.08814
480	24	92	0.09117
481	25	24	0.00285
482	25	23	0.006112
483	25	26	0.008603
484	25	22	0.018314
485	25	27	0.025933
486	25	28	0.031699
487	25	21	0.031992
488	25	29	0.042451
489	25	20	0.046366
490	25	19	0.052836
491	25	18	0.056902
492	25	30	0.060388
493	25	17	0.062063
494	25	16	0.068631
495	25	15	0.077044
496	25	31	0.08211
497	25	14	0.086223
498	25	96	0.090693
499	25	13	0.090965
500	25	92	0.093995
501	26	25	0.008603
502	26	24	0.011451
503	26	23	0.014585
504	26	27	0.017335
505	26	28	0.023102
506	26	22	0.026317
507	26	29	0.034
508	26	21	0.039794
509	26	30	0.052231
510	26	20	0.053981
511	26	19	0.060402
512	26	18	0.064576
513	26	17	0.070067
514	26	31	0.074148
515	26	16	0.076872
516	26	15	0.085464
517	26	32	0.091575
518	26	14	0.094746
519	26	33	0.099039
520	26	96	0.099232
521	27	28	0.005995
522	27	26	0.017335
523	27	29	0.017736
524	27	25	0.025933
525	27	24	0.028782
526	27	23	0.031828
527	27	30	0.036787
528	27	22	0.04301
529	27	21	0.056031
530	27	31	0.059028
531	27	20	0.069778
532	27	19	0.07606
533	27	32	0.076644
534	27	18	0.08036
535	27	33	0.08418
536	27	17	0.086337
537	27	34	0.087657
538	27	35	0.093118
539	27	16	0.093506
540	27	36	0.094873
541	28	27	0.005995
542	28	29	0.011879
543	28	26	0.023102
544	28	30	0.031011
545	28	25	0.031699
546	28	24	0.034544
547	28	23	0.037664
548	28	22	0.048974
549	28	31	0.053254
550	28	21	0.062024
551	28	32	0.07088
552	28	20	0.075766
553	28	33	0.078421
554	28	34	0.081925
555	28	19	0.08204
556	28	18	0.086345
557	28	35	0.087469
558	28	36	0.08925
559	28	17	0.092331
560	28	37	0.092428
561	29	28	0.011879
562	29	27	0.017736
563	29	30	0.019142
564	29	26	0.034
565	29	31	0.041379
566	29	25	0.042451
567	29	24	0.045249
568	29	23	0.048536
569	29	32	0.059005
570	29	22	0.060242
571	29	33	0.066547
572	29	34	0.070059
573	29	21	0.073507
574	29	35	0.075645
575	29	36	0.077441
576	29	37	0.080647
577	29	38	0.084281
578	29	20	0.087403
579	29	39	0.088362
580	29	11	0.089103
581	30	29	0.019142
582	30	31	0.022246
583	30	28	0.031011
584	30	27	0.036787
585	30	32	0.03987
586	30	33	0.04741
587	30	34	0.050917
588	30	26	0.052231
589	30	35	0.056535
590	30	36	0.058352
591	30	25	0.060388
592	30	37	0.061596
593	30	24	0.063091
594	30	38	0.065235
595	30	23	0.066498
596	30	39	0.069314
597	30	11	0.070056
598	30	40	0.072862
599	30	10	0.074997
600	30	22	0.078535
601	31	32	0.017627
602	31	30	0.022246
603	31	33	0.025169
604	31	34	0.028704
605	31	35	0.034508
606	31	36	0.036397
607	31	37	0.03976
608	31	29	0.041379
609	31	38	0.043399
610	31	39	0.047457
611	31	11	0.048196
612	31	40	0.050963
613	31	10	0.053073
614	31	28	0.053254
615	31	27	0.059028
616	31	9	0.061316
617	31	8	0.069071
618	31	193	0.072697
619	31	6	0.073987
620	31	4	0.073999
621	32	33	0.007543
622	32	34	0.01113
623	32	35	0.017318
624	32	31	0.017627
625	32	36	0.019328
626	32	37	0.02286
627	32	38	0.026432
628	32	39	0.030404
629	32	11	0.031129
630	32	40	0.03381
631	32	10	0.035867
632	32	30	0.03987
633	32	9	0.044027
634	32	8	0.051666
635	32	6	0.056535
636	32	4	0.05655
637	32	5	0.05655
638	32	7	0.05655
639	32	200	0.05655
640	32	3	0.057708
641	33	34	0.003729
642	33	32	0.007543
643	33	35	0.010362
644	33	36	0.012449
645	33	37	0.016056
646	33	38	0.019483
647	33	39	0.023324
648	33	11	0.024031
649	33	31	0.025169
650	33	40	0.026622
651	33	10	0.028626
652	33	9	0.036699
653	33	8	0.044249
654	33	30	0.04741
655	33	6	0.049087
656	33	4	0.049102
657	33	5	0.049102
658	33	7	0.049102
659	33	200	0.049102
660	33	3	0.050372
661	34	33	0.003729
662	34	35	0.00673
663	34	36	0.008822
664	34	32	0.01113
665	34	37	0.012425
666	34	38	0.015795
667	34	39	0.019605
668	34	11	0.02031
669	34	40	0.022894
670	34	10	0.024898
671	34	31	0.028704
672	34	9	0.032981
673	34	8	0.040559
674	34	6	0.045414
675	34	4	0.045429
676	34	5	0.045429
677	34	7	0.045429
678	34	200	0.045429
679	34	3	0.046658
680	34	2	0.04823
681	35	36	0.002093
682	35	37	0.005699
683	35	34	0.00673
684	35	38	0.00915
685	35	33	0.010362
686	35	39	0.013087
687	35	11	0.013811
688	35	40	0.016509
689	35	32	0.017318
690	35	10	0.01859
691	35	9	0.026811
692	35	31	0.034508
693	35	8	0.034575
694	35	6	0.039515
695	35	4	0.039525
696	35	5	0.039525
697	35	7	0.039525
698	35	200	0.039525
699	35	3	0.040474
700	35	2	0.041875
701	36	35	0.002093
702	36	37	0.003608
703	36	38	0.007106
704	36	34	0.008822
705	36	39	0.011096
706	36	11	0.011828
707	36	33	0.012449
708	36	40	0.014568
709	36	10	0.016676
710	36	32	0.019328
711	36	9	0.024931
712	36	8	0.032751
713	36	31	0.036397
714	36	6	0.037714
715	36	4	0.037723
716	36	5	0.037723
717	36	7	0.037723
718	36	200	0.037723
719	36	3	0.03857
720	36	2	0.039909
721	37	36	0.003608
722	37	38	0.003642
723	37	35	0.005699
724	37	39	0.007718
725	37	11	0.008459
726	37	40	0.011273
727	37	34	0.012425
728	37	10	0.013421
729	37	33	0.016056
730	37	9	0.021701
731	37	32	0.02286
732	37	8	0.029603
733	37	6	0.034598
734	37	4	0.034604
735	37	5	0.034604
736	37	7	0.034604
737	37	200	0.034604
738	37	3	0.035265
739	37	2	0.036493
740	37	194	0.036646
741	38	37	0.003642
742	38	39	0.00408
743	38	11	0.004822
744	38	36	0.007106
745	38	40	0.007649
746	38	35	0.00915
747	38	10	0.009805
748	38	34	0.015795
749	38	9	0.01808
750	38	33	0.019483
751	38	8	0.026003
752	38	32	0.026432
753	38	6	0.031005
754	38	4	0.03101
755	38	5	0.03101
756	38	7	0.03101
757	38	200	0.03101
758	38	3	0.031626
759	38	2	0.032857
760	38	194	0.03331
761	39	11	0.000742
762	39	40	0.003582
763	39	38	0.00408
764	39	10	0.005744
765	39	37	0.007718
766	39	36	0.011096
767	39	35	0.013087
768	39	9	0.014007
769	39	34	0.019605
770	39	8	0.021944
771	39	33	0.023324
772	39	6	0.026952
773	39	4	0.026956
774	39	5	0.026956
775	39	7	0.026956
776	39	200	0.026956
777	39	3	0.027547
778	39	2	0.028815
779	39	194	0.029795
780	39	1	0.02995
781	40	10	0.002163
782	40	11	0.002847
783	40	39	0.003582
784	40	38	0.007649
785	40	9	0.010431
786	40	37	0.011273
787	40	36	0.014568
788	40	35	0.016509
789	40	8	0.018362
790	40	34	0.022894
791	40	6	0.02337
792	40	4	0.023374
793	40	5	0.023374
794	40	7	0.023374
795	40	200	0.023374
796	40	3	0.02401
797	40	2	0.025372
798	40	33	0.026622
799	40	1	0.026752
800	40	194	0.02711
801	41	142	0.003976
802	41	42	0.005387
803	41	43	0.007649
804	41	141	0.007847
805	41	143	0.010465
806	41	44	0.014402
807	41	140	0.015002
808	41	45	0.017639
809	41	144	0.020649
810	41	139	0.025308
811	41	46	0.025451
812	41	138	0.029282
813	41	47	0.032541
814	41	145	0.033601
815	41	137	0.035202
816	41	48	0.037686
817	41	49	0.041483
818	41	136	0.041991
819	41	50	0.043127
820	41	146	0.046533
821	42	43	0.002266
822	42	41	0.005387
823	42	142	0.006612
824	42	44	0.00908
825	42	143	0.010708
826	42	141	0.012246
827	42	45	0.01228
828	42	140	0.018604
829	42	46	0.020094
830	42	144	0.020467
831	42	47	0.02724
832	42	139	0.028073
833	42	138	0.031514
834	42	48	0.032384
835	42	145	0.032933
836	42	49	0.036148
837	42	137	0.036616
838	42	50	0.037896
839	42	136	0.043183
840	42	51	0.045361
841	43	42	0.002266
842	43	44	0.006919
843	43	41	0.007649
844	43	142	0.008603
845	43	45	0.010065
846	43	143	0.01172
847	43	141	0.014234
848	43	46	0.017872
849	43	140	0.020257
850	43	144	0.020964
851	43	47	0.02506
852	43	139	0.029329
853	43	48	0.0302
854	43	138	0.032538
855	43	145	0.033069
856	43	49	0.03394
857	43	50	0.035757
858	43	137	0.03728
859	43	51	0.043209
860	43	136	0.043722
861	44	45	0.003295
862	44	43	0.006919
863	44	42	0.00908
864	44	46	0.011065
865	44	142	0.014361
866	44	41	0.014402
867	44	143	0.014744
868	44	47	0.01816
869	44	141	0.021125
870	44	144	0.021562
871	44	48	0.023304
872	44	140	0.026838
873	44	49	0.027081
874	44	50	0.028839
875	44	145	0.032016
876	44	139	0.035259
877	44	51	0.036293
878	44	138	0.038018
879	44	137	0.041967
880	44	52	0.042133
881	45	44	0.003295
882	45	46	0.007814
883	45	43	0.010065
884	45	42	0.01228
885	45	47	0.015021
886	45	41	0.017639
887	45	142	0.017649
888	45	143	0.017669
889	45	48	0.020152
890	45	144	0.023614
891	45	49	0.023875
892	45	141	0.024148
893	45	50	0.025782
894	45	140	0.029552
895	45	145	0.033198
896	45	51	0.033201
897	45	139	0.037506
898	45	52	0.039023
899	45	138	0.039987
900	45	137	0.043476
901	46	47	0.007378
902	46	45	0.007814
903	46	44	0.011065
904	46	48	0.012435
905	46	49	0.016078
906	46	43	0.017872
907	46	50	0.018215
908	46	42	0.020094
909	46	143	0.024428
910	46	142	0.025291
911	46	41	0.025451
912	46	51	0.025544
913	46	144	0.028397
914	46	52	0.031326
915	46	141	0.031858
916	46	145	0.035719
917	46	140	0.036932
918	46	53	0.03935
919	46	139	0.044201
920	46	146	0.045494
921	47	48	0.005146
922	47	46	0.007378
923	47	49	0.009024
924	47	50	0.010837
925	47	45	0.015021
926	47	44	0.01816
927	47	51	0.018192
928	47	52	0.024003
929	47	43	0.02506
930	47	42	0.02724
931	47	143	0.030291
932	47	53	0.031993
933	47	142	0.03203
934	47	144	0.032428
935	47	41	0.032541
936	47	145	0.037425
937	47	54	0.038715
938	47	141	0.039161
939	47	55	0.040809
940	47	140	0.04431
941	48	49	0.004025
942	48	47	0.005146
943	48	50	0.005974
944	48	46	0.012435
945	48	51	0.013119
946	48	52	0.018892
947	48	45	0.020152
948	48	44	0.023304
949	48	53	0.026924
950	48	43	0.0302
951	48	42	0.032384
952	48	54	0.03373
953	48	143	0.035195
954	48	55	0.035834
955	48	144	0.036652
956	48	142	0.03714
957	48	41	0.037686
958	48	145	0.040446
959	48	56	0.04061
960	48	141	0.044277
961	49	48	0.004025
962	49	50	0.004342
963	49	47	0.009024
964	49	51	0.009935
965	49	52	0.015461
966	49	46	0.016078
967	49	53	0.023584
968	49	45	0.023875
969	49	44	0.027081
970	49	54	0.030567
971	49	55	0.032686
972	49	43	0.03394
973	49	42	0.036148
974	49	56	0.037393
975	49	143	0.03921
976	49	144	0.0406
977	49	142	0.041052
978	49	41	0.041483
979	49	57	0.042362
980	49	145	0.043966
981	50	49	0.004342
982	50	48	0.005974
983	50	51	0.007492
984	50	47	0.010837
985	50	52	0.013359
986	50	46	0.018215
987	50	53	0.021216
988	50	45	0.025782
989	50	54	0.027878
990	50	44	0.028839
991	50	55	0.029971
992	50	56	0.034775
993	50	43	0.035757
994	50	42	0.037896
995	50	57	0.03982
996	50	143	0.039821
997	50	144	0.040105
998	50	58	0.042063
999	50	145	0.042194
1000	50	142	0.042314
1001	51	52	0.005867
1002	51	50	0.007492
1003	51	49	0.009935
1004	51	48	0.013119
1005	51	53	0.013807
1006	51	47	0.018192
1007	51	54	0.020666
1008	51	55	0.02278
1009	51	46	0.025544
1010	51	56	0.027523
1011	51	57	0.032528
1012	51	45	0.033201
1013	51	58	0.034921
1014	51	44	0.036293
1015	51	59	0.039356
1016	51	60	0.041031
1017	51	61	0.043155
1018	51	43	0.043209
1019	51	62	0.044754
1020	51	42	0.045361
1021	52	51	0.005867
1022	52	53	0.008136
1023	52	50	0.013359
1024	52	54	0.015238
1025	52	49	0.015461
1026	52	55	0.017358
1027	52	48	0.018892
1028	52	56	0.021982
1029	52	47	0.024003
1030	52	57	0.026916
1031	52	58	0.029477
1032	52	46	0.031326
1033	52	59	0.034209
1034	52	60	0.035881
1035	52	61	0.037868
1036	52	45	0.039023
1037	52	62	0.039312
1038	52	63	0.041009
1039	52	44	0.042133
1040	52	64	0.046189
1041	53	54	0.007222
1042	53	52	0.008136
1043	53	55	0.009319
1044	53	51	0.013807
1045	53	56	0.013855
1046	53	57	0.018781
1047	53	50	0.021216
1048	53	58	0.021376
1049	53	49	0.023584
1050	53	59	0.026288
1051	53	48	0.026924
1052	53	60	0.02795
1053	53	61	0.029835
1054	53	62	0.031202
1055	53	47	0.031993
1056	53	63	0.032875
1057	53	64	0.038069
1058	53	46	0.03935
1059	53	65	0.041912
1060	53	66	0.046037
1061	54	55	0.002122
1062	54	56	0.006903
1063	54	53	0.007222
1064	54	57	0.011975
1065	54	58	0.014263
1066	54	52	0.015238
1067	54	59	0.019066
1068	54	51	0.020666
1069	54	60	0.020728
1070	54	61	0.022637
1071	54	62	0.024102
1072	54	63	0.025897
1073	54	50	0.027878
1074	54	49	0.030567
1075	54	64	0.031296
1076	54	48	0.03373
1077	54	65	0.035226
1078	54	47	0.038715
1079	54	66	0.039383
1080	54	67	0.042633
1081	55	54	0.002122
1082	55	56	0.004854
1083	55	53	0.009319
1084	55	57	0.009938
1085	55	58	0.012144
1086	55	59	0.016988
1087	55	52	0.017358
1088	55	60	0.018645
1089	55	61	0.020523
1090	55	62	0.021982
1091	55	51	0.02278
1092	55	63	0.023792
1093	55	64	0.029228
1094	55	50	0.029971
1095	55	49	0.032686
1096	55	65	0.033176
1097	55	48	0.035834
1098	55	66	0.037336
1099	55	67	0.040594
1100	55	47	0.040809
1101	56	55	0.004854
1102	56	57	0.005083
1103	56	54	0.006903
1104	56	58	0.007569
1105	56	59	0.013027
1106	56	53	0.013855
1107	56	60	0.014615
1108	56	61	0.016169
1109	56	62	0.017358
1110	56	63	0.019038
1111	56	52	0.021982
1112	56	64	0.024392
1113	56	51	0.027523
1114	56	65	0.028327
1115	56	66	0.032486
1116	56	50	0.034775
1117	56	67	0.035742
1118	56	49	0.037393
1119	56	48	0.04061
1120	56	47	0.04561
1121	57	58	0.003638
1122	57	56	0.005083
1123	57	59	0.009766
1124	57	55	0.009938
1125	57	60	0.011108
1126	57	54	0.011975
1127	57	61	0.012012
1128	57	62	0.012692
1129	57	63	0.014127
1130	57	53	0.018781
1131	57	64	0.019335
1132	57	65	0.023252
1133	57	52	0.026916
1134	57	66	0.027408
1135	57	67	0.030661
1136	57	51	0.032528
1137	57	50	0.03982
1138	57	68	0.041362
1139	57	49	0.042362
1140	57	48	0.045633
1141	58	57	0.003638
1142	58	59	0.006127
1143	58	60	0.007492
1144	58	56	0.007569
1145	58	61	0.00865
1146	58	62	0.009839
1147	58	63	0.011736
1148	58	55	0.012144
1149	58	54	0.014263
1150	58	64	0.017443
1151	58	53	0.021376
1152	58	65	0.021488
1153	58	66	0.025649
1154	58	67	0.028941
1155	58	52	0.029477
1156	58	51	0.034921
1157	58	68	0.03986
1158	58	50	0.042063
1159	58	69	0.044603
1160	58	49	0.04483
1161	59	60	0.001675
1162	59	61	0.004243
1163	59	58	0.006127
1164	59	62	0.006999
1165	59	63	0.009709
1166	59	57	0.009766
1167	59	56	0.013027
1168	59	64	0.015757
1169	59	55	0.016988
1170	59	54	0.019066
1171	59	65	0.019759
1172	59	66	0.02372
1173	59	53	0.026288
1174	59	67	0.026964
1175	59	52	0.034209
1176	59	68	0.038032
1177	59	51	0.039356
1178	59	69	0.042743
1179	59	50	0.046212
1180	59	49	0.049286
1181	60	59	0.001675
1182	60	61	0.002883
1183	60	62	0.005894
1184	60	58	0.007492
1185	60	63	0.008662
1186	60	57	0.011108
1187	60	64	0.014615
1188	60	56	0.014615
1189	60	65	0.018552
1190	60	55	0.018645
1191	60	54	0.020728
1192	60	66	0.022438
1193	60	67	0.025654
1194	60	53	0.02795
1195	60	52	0.035881
1196	60	68	0.036712
1197	60	51	0.041031
1198	60	69	0.041407
1199	60	50	0.047882
1200	60	49	0.050961
1201	61	60	0.002883
1202	61	62	0.003096
1203	61	59	0.004243
1204	61	63	0.005858
1205	61	58	0.00865
1206	61	64	0.011745
1207	61	57	0.012012
1208	61	65	0.01567
1209	61	56	0.016169
1210	61	66	0.01956
1211	61	55	0.020523
1212	61	54	0.022637
1213	61	67	0.022783
1214	61	53	0.029835
1215	61	68	0.033845
1216	61	52	0.037868
1217	61	69	0.038545
1218	61	51	0.043155
1219	61	70	0.048698
1220	61	50	0.050126
1221	62	63	0.002771
1222	62	61	0.003096
1223	62	60	0.005894
1224	62	59	0.006999
1225	62	64	0.008763
1226	62	58	0.009839
1227	62	57	0.012692
1228	62	65	0.012763
1229	62	66	0.016753
1230	62	56	0.017358
1231	62	67	0.020015
1232	62	55	0.021982
1233	62	54	0.024102
1234	62	68	0.031083
1235	62	53	0.031202
1236	62	69	0.035805
1237	62	52	0.039312
1238	62	51	0.044754
1239	62	70	0.045991
1240	62	71	0.051808
1241	63	62	0.002771
1242	63	61	0.005858
1243	63	64	0.006075
1244	63	60	0.008662
1245	63	59	0.009709
1246	63	65	0.010128
1247	63	58	0.011736
1248	63	57	0.014127
1249	63	66	0.014195
1250	63	67	0.01748
1251	63	56	0.019038
1252	63	55	0.023792
1253	63	54	0.025897
1254	63	68	0.028527
1255	63	53	0.032875
1256	63	69	0.033262
1257	63	52	0.041009
1258	63	70	0.043465
1259	63	51	0.046555
1260	63	71	0.049337
1261	64	65	0.004078
1262	64	63	0.006075
1263	64	66	0.008214
1264	64	62	0.008763
1265	64	67	0.011508
1266	64	61	0.011745
1267	64	60	0.014615
1268	64	59	0.015757
1269	64	58	0.017443
1270	64	57	0.019335
1271	64	68	0.022505
1272	64	56	0.024392
1273	64	69	0.027247
1274	64	55	0.029228
1275	64	54	0.031296
1276	64	70	0.037459
1277	64	53	0.038069
1278	64	71	0.043379
1279	64	52	0.046189
1280	64	72	0.049372
1281	65	64	0.004078
1282	65	66	0.004168
1283	65	67	0.007453
1284	65	63	0.010128
1285	65	62	0.012763
1286	65	61	0.01567
1287	65	68	0.018428
1288	65	60	0.018552
1289	65	59	0.019759
1290	65	58	0.021488
1291	65	69	0.02317
1292	65	57	0.023252
1293	65	56	0.028327
1294	65	55	0.033176
1295	65	70	0.033382
1296	65	54	0.035226
1297	65	71	0.039312
1298	65	53	0.041912
1299	65	72	0.045333
1300	65	73	0.048867
1301	66	67	0.003295
1302	66	65	0.004168
1303	66	64	0.008214
1304	66	63	0.014195
1305	66	68	0.014336
1306	66	62	0.016753
1307	66	69	0.019068
1308	66	61	0.01956
1309	66	60	0.022438
1310	66	59	0.02372
1311	66	58	0.025649
1312	66	57	0.027408
1313	66	70	0.029271
1314	66	56	0.032486
1315	66	71	0.035168
1316	66	55	0.037336
1317	66	54	0.039383
1318	66	72	0.041167
1319	66	73	0.0447
1320	66	53	0.046037
1321	67	66	0.003295
1322	67	65	0.007453
1323	67	68	0.011069
1324	67	64	0.011508
1325	67	69	0.015791
1326	67	63	0.01748
1327	67	62	0.020015
1328	67	61	0.022783
1329	67	60	0.025654
1330	67	70	0.025987
1331	67	59	0.026964
1332	67	58	0.028941
1333	67	57	0.030661
1334	67	71	0.031874
1335	67	56	0.035742
1336	67	72	0.03788
1337	67	55	0.040594
1338	67	73	0.041422
1339	67	54	0.042633
1340	67	53	0.049247
1341	68	69	0.004744
1342	68	67	0.011069
1343	68	66	0.014336
1344	68	70	0.014957
1345	68	65	0.018428
1346	68	71	0.020959
1347	68	64	0.022505
1348	68	72	0.027189
1349	68	63	0.028527
1350	68	73	0.030839
1351	68	62	0.031083
1352	68	61	0.033845
1353	68	60	0.036712
1354	68	59	0.038032
1355	68	58	0.03986
1356	68	74	0.040418
1357	68	57	0.041362
1358	68	56	0.04644
1359	68	55	0.051291
1360	68	54	0.05329
1361	69	68	0.004744
1362	69	70	0.010214
1363	69	67	0.015791
1364	69	71	0.016241
1365	69	66	0.019068
1366	69	72	0.022552
1367	69	65	0.02317
1368	69	73	0.026242
1369	69	64	0.027247
1370	69	63	0.033262
1371	69	74	0.035742
1372	69	62	0.035805
1373	69	61	0.038545
1374	69	60	0.041407
1375	69	59	0.042743
1376	69	58	0.044603
1377	69	57	0.046083
1378	69	56	0.051158
1379	69	55	0.056007
1380	69	54	0.057998
1381	70	71	0.00623
1382	70	69	0.010214
1383	70	72	0.012864
1384	70	68	0.014957
1385	70	73	0.016653
1386	70	74	0.025774
1387	70	67	0.025987
1388	70	66	0.029271
1389	70	65	0.033382
1390	70	64	0.037459
1391	70	63	0.043465
1392	70	62	0.045991
1393	70	61	0.048698
1394	70	60	0.05155
1395	70	75	0.051801
1396	70	59	0.052909
1397	70	58	0.054814
1398	70	57	0.056254
1399	70	56	0.061324
1400	70	55	0.066168
1401	71	70	0.00623
1402	71	72	0.006701
1403	71	73	0.010495
1404	71	69	0.016241
1405	71	74	0.019561
1406	71	68	0.020959
1407	71	67	0.031874
1408	71	66	0.035168
1409	71	65	0.039312
1410	71	64	0.043379
1411	71	75	0.04561
1412	71	63	0.049337
1413	71	62	0.051808
1414	71	61	0.054443
1415	71	60	0.057273
1416	71	59	0.058673
1417	71	58	0.060789
1418	71	57	0.06232
1419	71	56	0.067397
1420	71	55	0.072246
1421	72	73	0.003795
1422	72	71	0.006701
1423	72	70	0.012864
1424	72	74	0.013279
1425	72	69	0.022552
1426	72	68	0.027189
1427	72	67	0.03788
1428	72	75	0.039315
1429	72	66	0.041167
1430	72	65	0.045333
1431	72	64	0.049372
1432	72	63	0.055243
1433	72	62	0.057634
1434	72	61	0.060165
1435	72	60	0.062956
1436	72	59	0.064407
1437	72	58	0.066815
1438	72	57	0.068486
1439	72	76	0.070524
1440	72	56	0.073569
1441	73	72	0.003795
1442	73	74	0.009898
1443	73	71	0.010495
1444	73	70	0.016653
1445	73	69	0.026242
1446	73	68	0.030839
1447	73	75	0.035766
1448	73	67	0.041422
1449	73	66	0.0447
1450	73	65	0.048867
1451	73	64	0.052889
1452	73	63	0.058715
1453	73	62	0.061067
1454	73	61	0.063548
1455	73	60	0.066318
1456	73	76	0.066908
1457	73	59	0.067791
1458	73	58	0.07033
1459	73	57	0.072064
1460	73	56	0.077147
1461	74	73	0.009898
1462	74	72	0.013279
1463	74	71	0.019561
1464	74	70	0.025774
1465	74	75	0.026068
1466	74	69	0.035742
1467	74	68	0.040418
1468	74	67	0.051158
1469	74	66	0.054446
1470	74	76	0.057328
1471	74	65	0.058611
1472	74	64	0.062651
1473	74	63	0.068518
1474	74	62	0.070898
1475	74	61	0.073407
1476	74	60	0.076186
1477	74	59	0.07765
1478	74	58	0.080093
1479	74	57	0.08175
1480	74	368	0.083384
1481	75	74	0.026068
1482	75	76	0.031296
1483	75	73	0.035766
1484	75	72	0.039315
1485	75	71	0.04561
1486	75	70	0.051801
1487	75	69	0.06181
1488	75	77	0.066273
1489	75	68	0.066484
1490	75	78	0.06858
1491	75	79	0.071699
1492	75	225	0.071707
1493	75	226	0.072393
1494	75	224	0.074656
1495	75	81	0.075415
1496	75	80	0.075523
1497	75	82	0.075872
1498	75	83	0.075872
1499	75	93	0.075872
1500	75	227	0.075872
1501	76	75	0.031296
1502	76	77	0.034977
1503	76	78	0.03729
1504	76	79	0.040507
1505	76	226	0.042933
1506	76	81	0.044299
1507	76	80	0.044422
1508	76	82	0.044755
1509	76	83	0.044755
1510	76	93	0.044755
1511	76	227	0.044755
1512	76	84	0.045449
1513	76	225	0.047254
1514	76	85	0.049209
1515	76	86	0.051058
1516	76	224	0.054063
1517	76	87	0.054766
1518	76	74	0.057328
1519	76	88	0.058127
1520	76	223	0.062691
1521	77	78	0.002478
1522	77	79	0.006865
1523	77	81	0.010828
1524	77	80	0.011048
1525	77	84	0.011088
1526	77	82	0.011221
1527	77	83	0.011221
1528	77	93	0.011221
1529	77	227	0.011221
1530	77	85	0.014875
1531	77	86	0.017719
1532	77	226	0.019084
1533	77	87	0.022824
1534	77	88	0.02787
1535	77	76	0.034977
1536	77	94	0.035152
1537	77	95	0.035152
1538	77	97	0.035152
1539	77	261	0.035152
1540	77	89	0.035442
1541	78	77	0.002478
1542	78	79	0.004568
1543	78	81	0.008432
1544	78	84	0.00861
1545	78	80	0.008662
1546	78	82	0.00881
1547	78	83	0.00881
1548	78	93	0.00881
1549	78	227	0.00881
1550	78	85	0.013137
1551	78	86	0.016316
1552	78	226	0.017862
1553	78	87	0.021691
1554	78	88	0.02699
1555	78	94	0.032707
1556	78	95	0.032707
1557	78	97	0.032707
1558	78	261	0.032707
1559	78	89	0.034694
1560	78	225	0.035486
1561	79	81	0.004026
1562	79	80	0.004224
1563	79	82	0.00445
1564	79	83	0.00445
1565	79	93	0.00445
1566	79	227	0.00445
1567	79	78	0.004568
1568	79	84	0.004994
1569	79	77	0.006865
1570	79	85	0.012861
1571	79	226	0.014452
1572	79	86	0.01666
1573	79	87	0.022396
1574	79	88	0.028064
1575	79	94	0.029191
1576	79	95	0.029191
1577	79	97	0.029191
1578	79	261	0.029191
1579	79	225	0.03283
1580	79	98	0.032918
1581	80	81	0.000273
1582	80	82	0.000436
1583	80	83	0.000436
1584	80	93	0.000436
1585	80	227	0.000436
1586	80	84	0.002638
1587	80	79	0.004224
1588	80	78	0.008662
1589	80	77	0.011048
1590	80	85	0.0126
1591	80	226	0.01339
1592	80	86	0.016644
1593	80	87	0.022424
1594	80	94	0.025346
1595	80	95	0.025346
1596	80	97	0.025346
1597	80	261	0.025346
1598	80	88	0.028267
1599	80	98	0.029078
1600	80	225	0.032171
1601	81	80	0.000273
1602	81	82	0.000457
1603	81	83	0.000457
1604	81	93	0.000457
1605	81	227	0.000457
1606	81	84	0.002465
1607	81	79	0.004026
1608	81	78	0.008432
1609	81	77	0.010828
1610	81	85	0.012398
1611	81	226	0.013595
1612	81	86	0.016438
1613	81	87	0.022222
1614	81	94	0.025447
1615	81	95	0.025447
1616	81	97	0.025447
1617	81	261	0.025447
1618	81	88	0.028061
1619	81	98	0.029179
1620	81	225	0.032373
1621	82	83	0
1622	82	93	0
1623	82	227	0
1624	82	80	0.000436
1625	82	81	0.000457
1626	82	84	0.002264
1627	82	79	0.00445
1628	82	78	0.00881
1629	82	77	0.011221
1630	82	85	0.012244
1631	82	226	0.013751
1632	82	86	0.016292
1633	82	87	0.022066
1634	82	94	0.02499
1635	82	95	0.02499
1636	82	97	0.02499
1637	82	261	0.02499
1638	82	88	0.027914
1639	82	98	0.028722
1640	82	225	0.032534
1641	83	82	0
1642	83	93	0
1643	83	227	0
1644	83	80	0.000436
1645	83	81	0.000457
1646	83	84	0.002264
1647	83	79	0.00445
1648	83	78	0.00881
1649	83	77	0.011221
1650	83	85	0.012244
1651	83	226	0.013751
1652	83	86	0.016292
1653	83	87	0.022066
1654	83	94	0.02499
1655	83	95	0.02499
1656	83	97	0.02499
1657	83	261	0.02499
1658	83	88	0.027914
1659	83	98	0.028722
1660	83	225	0.032534
1661	84	82	0.002264
1662	84	83	0.002264
1663	84	93	0.002264
1664	84	227	0.002264
1665	84	81	0.002465
1666	84	80	0.002638
1667	84	79	0.004994
1668	84	78	0.00861
1669	84	85	0.009982
1670	84	77	0.011088
1671	84	86	0.014031
1672	84	226	0.016016
1673	84	87	0.019803
1674	84	94	0.024274
1675	84	95	0.024274
1676	84	97	0.024274
1677	84	261	0.024274
1678	84	88	0.025653
1679	84	98	0.027994
1680	84	89	0.033455
1681	85	86	0.004052
1682	85	87	0.009824
1683	85	84	0.009982
1684	85	82	0.012244
1685	85	83	0.012244
1686	85	93	0.012244
1687	85	227	0.012244
1688	85	81	0.012398
1689	85	80	0.0126
1690	85	79	0.012861
1691	85	78	0.013137
1692	85	77	0.014875
1693	85	88	0.015671
1694	85	89	0.023477
1695	85	94	0.024061
1696	85	95	0.024061
1697	85	97	0.024061
1698	85	261	0.024061
1699	85	226	0.02599
1700	85	98	0.02739
1701	86	85	0.004052
1702	86	87	0.005796
1703	86	88	0.011623
1704	86	84	0.014031
1705	86	82	0.016292
1706	86	83	0.016292
1707	86	93	0.016292
1708	86	227	0.016292
1709	86	78	0.016316
1710	86	81	0.016438
1711	86	80	0.016644
1712	86	79	0.01666
1713	86	77	0.017719
1714	86	89	0.019441
1715	86	90	0.025297
1716	86	94	0.0253
1717	86	95	0.0253
1718	86	97	0.0253
1719	86	261	0.0253
1720	86	98	0.028342
1721	87	86	0.005796
1722	87	88	0.005869
1723	87	85	0.009824
1724	87	89	0.013653
1725	87	90	0.019501
1726	87	84	0.019803
1727	87	78	0.021691
1728	87	82	0.022066
1729	87	83	0.022066
1730	87	93	0.022066
1731	87	227	0.022066
1732	87	81	0.022222
1733	87	79	0.022396
1734	87	80	0.022424
1735	87	77	0.022824
1736	87	91	0.027157
1737	87	94	0.027299
1738	87	95	0.027299
1739	87	97	0.027299
1740	87	261	0.027299
1741	88	87	0.005869
1742	88	89	0.00784
1743	88	86	0.011623
1744	88	90	0.013769
1745	88	85	0.015671
1746	88	91	0.02131
1747	88	84	0.025653
1748	88	12	0.0259
1749	88	92	0.026096
1750	88	78	0.02699
1751	88	77	0.02787
1752	88	82	0.027914
1753	88	83	0.027914
1754	88	93	0.027914
1755	88	227	0.027914
1756	88	81	0.028061
1757	88	79	0.028064
1758	88	80	0.028267
1759	88	13	0.02912
1760	88	96	0.02946
1761	89	90	0.00598
1762	89	88	0.00784
1763	89	91	0.013514
1764	89	87	0.013653
1765	89	12	0.018081
1766	89	92	0.018274
1767	89	86	0.019441
1768	89	13	0.021294
1769	89	96	0.021626
1770	89	85	0.023477
1771	89	14	0.026228
1772	89	84	0.033455
1773	89	78	0.034694
1774	89	77	0.035442
1775	89	82	0.035718
1776	89	83	0.035718
1777	89	93	0.035718
1778	89	227	0.035718
1779	89	81	0.035874
1780	89	79	0.035896
1781	90	89	0.00598
1782	90	91	0.008019
1783	90	12	0.012401
1784	90	92	0.012583
1785	90	88	0.013769
1786	90	13	0.015555
1787	90	96	0.015713
1788	90	87	0.019501
1789	90	14	0.020282
1790	90	86	0.025297
1791	90	85	0.029309
1792	90	15	0.030642
1793	90	84	0.039263
1794	90	94	0.039754
1795	90	95	0.039754
1796	90	97	0.039754
1797	90	261	0.039754
1798	90	78	0.040674
1799	90	98	0.040817
1800	90	16	0.041039
1801	91	12	0.004622
1802	91	92	0.004824
1803	91	13	0.007855
1804	91	90	0.008019
1805	91	96	0.008668
1806	91	14	0.01333
1807	91	89	0.013514
1808	91	88	0.02131
1809	91	15	0.02425
1810	91	87	0.027157
1811	91	86	0.032933
1812	91	16	0.034915
1813	91	85	0.036977
1814	91	17	0.043775
1815	91	84	0.046958
1816	91	94	0.047451
1817	91	95	0.047451
1818	91	97	0.047451
1819	91	261	0.047451
1820	91	78	0.04778
1821	92	12	0.000208
1822	92	13	0.003033
1823	92	96	0.004221
1824	92	91	0.004824
1825	92	14	0.008719
1826	92	90	0.012583
1827	92	89	0.018274
1828	92	15	0.01974
1829	92	88	0.026096
1830	92	16	0.03044
1831	92	87	0.031927
1832	92	86	0.037712
1833	92	17	0.039308
1834	92	85	0.041751
1835	92	18	0.047271
1836	92	19	0.051165
1837	92	94	0.051302
1838	92	95	0.051302
1839	92	97	0.051302
1840	92	261	0.051302
1841	93	82	0
1842	93	83	0
1843	93	227	0
1844	93	80	0.000436
1845	93	81	0.000457
1846	93	84	0.002264
1847	93	79	0.00445
1848	93	78	0.00881
1849	93	77	0.011221
1850	93	85	0.012244
1851	93	226	0.013751
1852	93	86	0.016292
1853	93	87	0.022066
1854	93	94	0.02499
1855	93	95	0.02499
1856	93	97	0.02499
1857	93	261	0.02499
1858	93	88	0.027914
1859	93	98	0.028722
1860	93	225	0.032534
1861	94	95	0
1862	94	97	0
1863	94	261	0
1864	94	98	0.003732
1865	94	85	0.024061
1866	94	84	0.024274
1867	94	82	0.02499
1868	94	83	0.02499
1869	94	93	0.02499
1870	94	227	0.02499
1871	94	86	0.0253
1872	94	80	0.025346
1873	94	81	0.025447
1874	94	87	0.027299
1875	94	79	0.029191
1876	94	99	0.030692
1877	94	88	0.03109
1878	94	226	0.032541
1879	94	78	0.032707
1880	94	77	0.035152
1881	95	94	0
1882	95	97	0
1883	95	261	0
1884	95	98	0.003732
1885	95	85	0.024061
1886	95	84	0.024274
1887	95	82	0.02499
1888	95	83	0.02499
1889	95	93	0.02499
1890	95	227	0.02499
1891	95	86	0.0253
1892	95	80	0.025346
1893	95	81	0.025447
1894	95	87	0.027299
1895	95	79	0.029191
1896	95	99	0.030692
1897	95	88	0.03109
1898	95	226	0.032541
1899	95	78	0.032707
1900	95	77	0.035152
1901	96	13	0.002484
1902	96	92	0.004221
1903	96	12	0.004418
1904	96	14	0.004673
1905	96	91	0.008668
1906	96	15	0.015602
1907	96	90	0.015713
1908	96	89	0.021626
1909	96	16	0.026289
1910	96	88	0.02946
1911	96	17	0.035156
1912	96	87	0.035214
1913	96	86	0.04101
1914	96	18	0.043114
1915	96	85	0.045019
1916	96	19	0.047044
1917	96	20	0.05122
1918	96	94	0.052984
1919	96	95	0.052984
1920	96	97	0.052984
1921	97	94	0
1922	97	95	0
1923	97	261	0
1924	97	98	0.003732
1925	97	85	0.024061
1926	97	84	0.024274
1927	97	82	0.02499
1928	97	83	0.02499
1929	97	93	0.02499
1930	97	227	0.02499
1931	97	86	0.0253
1932	97	80	0.025346
1933	97	81	0.025447
1934	97	87	0.027299
1935	97	79	0.029191
1936	97	99	0.030692
1937	97	88	0.03109
1938	97	226	0.032541
1939	97	78	0.032707
1940	97	77	0.035152
1941	98	94	0.003732
1942	98	95	0.003732
1943	98	97	0.003732
1944	98	261	0.003732
1945	98	99	0.026969
1946	98	85	0.02739
1947	98	84	0.027994
1948	98	86	0.028342
1949	98	82	0.028722
1950	98	83	0.028722
1951	98	93	0.028722
1952	98	227	0.028722
1953	98	80	0.029078
1954	98	81	0.029179
1955	98	87	0.029849
1956	98	79	0.032918
1957	98	88	0.033193
1958	98	226	0.036
1959	98	78	0.036402
1960	98	89	0.037573
1961	99	100	0.017633
1962	99	98	0.026969
1963	99	101	0.029706
1964	99	94	0.030692
1965	99	95	0.030692
1966	99	97	0.030692
1967	99	261	0.030692
1968	99	102	0.034899
1969	99	103	0.043327
1970	99	87	0.051817
1971	99	86	0.052382
1972	99	85	0.052584
1973	99	88	0.052881
1974	99	104	0.053335
1975	99	89	0.053878
1976	99	90	0.054362
1977	99	84	0.054807
1978	99	82	0.055652
1979	99	83	0.055652
1980	99	93	0.055652
1981	100	101	0.012081
1982	100	99	0.017633
1983	100	102	0.017978
1984	100	103	0.030348
1985	100	104	0.040265
1986	100	98	0.042227
1987	100	94	0.045766
1988	100	95	0.045766
1989	100	97	0.045766
1990	100	261	0.045766
1991	100	105	0.048003
1992	100	106	0.05381
1993	100	107	0.057332
1994	100	90	0.058595
1995	100	89	0.059889
1996	100	15	0.060523
1997	100	96	0.06079
1998	100	14	0.061099
1999	100	88	0.061116
2000	100	87	0.061618
2001	101	102	0.007853
2002	101	100	0.012081
2003	101	103	0.024452
2004	101	99	0.029706
2005	101	104	0.033285
2006	101	105	0.0404
2007	101	106	0.045537
2008	101	107	0.048836
2009	101	98	0.053698
2010	101	94	0.05713
2011	101	95	0.05713
2012	101	97	0.05713
2013	101	261	0.05713
2014	101	16	0.06002
2015	101	15	0.060754
2016	101	17	0.06103
2017	101	18	0.062751
2018	101	14	0.063461
2019	101	96	0.064033
2020	101	90	0.064657
2021	102	101	0.007853
2022	102	103	0.017289
2023	102	100	0.017978
2024	102	104	0.025599
2025	102	105	0.032583
2026	102	99	0.034899
2027	102	106	0.037685
2028	102	107	0.040991
2029	102	98	0.060205
2030	102	108	0.061778
2031	102	94	0.063735
2032	102	95	0.063735
2033	102	97	0.063735
2034	102	261	0.063735
2035	102	16	0.066158
2036	102	17	0.066426
2037	102	18	0.067413
2038	102	15	0.067623
2039	102	19	0.070392
2040	102	14	0.070855
2041	103	104	0.010074
2042	103	102	0.017289
2043	103	105	0.017978
2044	103	106	0.024187
2045	103	101	0.024452
2046	103	107	0.027835
2047	103	100	0.030348
2048	103	99	0.043327
2049	103	108	0.048552
2050	103	98	0.070246
2051	103	94	0.073951
2052	103	95	0.073951
2053	103	97	0.073951
2054	103	261	0.073951
2055	103	109	0.079474
2056	103	17	0.083245
2057	103	16	0.083334
2058	103	18	0.083712
2059	103	15	0.084906
2060	103	19	0.086421
2061	104	105	0.007918
2062	104	103	0.010074
2063	104	106	0.014247
2064	104	107	0.017913
2065	104	102	0.025599
2066	104	101	0.033285
2067	104	108	0.038499
2068	104	100	0.040265
2069	104	99	0.053335
2070	104	109	0.069417
2071	104	98	0.080278
2072	104	110	0.082717
2073	104	94	0.083988
2074	104	95	0.083988
2075	104	97	0.083988
2076	104	261	0.083988
2077	104	18	0.089126
2078	104	17	0.089419
